-1313243546,46428813,3
1204734256,-59886022,1
-1313243546,-862903411,2
-16823015,1185752591,3
-1313243546,-428583582,1
-1313243546,1953531817,6
-16823015,1696308279,19
-1286339243,-1062762442,2
-1040113255,1802112464,1
-1313243546,-1022765979,3
-1354751962,-52248754,2
1204734256,-353950849,3
-1313243546,-1456073732,2
-1286339243,782889361,4
-1313243546,924830885,4
-1040113255,-728820193,1
-1313243546,598282032,2
1102909492,1336620259,4
189810785,1299533299,1
-1313243546,837110838,1
-1313243546,1486007736,39
1102909492,-945900769,7
-1286339243,1336620259,5
189810785,-56983034,1
-1769373107,1656625662,6
-1313243546,-1499112219,1
-16823015,1812304479,7
1102909492,534699487,2
-1313243546,1985010934,5
-1286339243,-466140413,2
-16823015,1611304622,2
-1804709732,1336620259,13
-16823015,-1608420539,1
-1313243546,619642976,2
1102909492,-1138241116,2
-1313243546,603853395,1
-1354751962,-12310945,1
-16823015,1599323094,7
-1313243546,1445070474,4
1204734256,1802112464,1
-35059514,782889361,3
-1313243546,-1802812189,1
1204734256,-702889725,3
-1313243546,1201632223,5
-1286339243,-1537262704,1
-1354751962,-541800921,3
-1040113255,-1517160126,1
-1313243546,1301927363,5
-1286339243,-512088920,1
-1040113255,290927145,2
-16823015,1105492828,2
-1313243546,1336620259,165
-1313243546,2073750083,1
-1804709732,-657001202,1
-1040113255,-702889725,7
-1804709732,1608352797,38
1204734256,-823062940,1
-1804709732,290927145,2
-1804709732,-617677036,5
-1313243546,-353950849,55
-1804709732,661100738,1
-1313243546,2075729341,1
-1804709732,-12310945,123
543134554,926934164,2
-1769373107,-70978191,1
-16823015,-1461647955,4
-1354751962,473580264,1
-1286339243,383733026,1
-1354751962,-1830313082,3
1204734256,1933576881,1
-1313243546,-2056121439,3
-1769373107,282594187,1
-1313243546,-180159634,1
-16823015,1797436282,1
-1286339243,2014281623,1
-1804709732,-1204607085,192
-16823015,782889361,21
-35059514,1608352797,9
-1313243546,-943704078,3
-1313243546,-1066816855,1
-1313243546,-114650630,2
-16823015,1608352797,33
-1804709732,-859589255,17
-16823015,1672584528,61
-1040113255,-12310945,14
-1354751962,-702889725,2
-1354751962,-30401708,1
189810785,-702889725,2
-1040113255,-1860104554,2
-1804709732,1985010934,39
-1313243546,447881502,9
-1040113255,864225640,1
-1804709732,1569615013,1
-1313243546,725113570,1
-1769373107,1876361278,7
-16823015,-1974024073,1
-16823015,1732833101,6
-16823015,-512088920,40
1204734256,-1397791868,7
1204734256,-1779965100,3
-1286339243,1039125583,3
-1286339243,1291283303,1
-1804709732,-70978191,4
-1313243546,-1238501477,1
-1354751962,-59041991,1
-1286339243,534699487,1
-16823015,924830885,1
-1354751962,1434631203,1
-1286339243,1585243637,3
1204734256,-1710312597,1
-1313243546,1266382405,2
-1286339243,-1227066294,5
-1804709732,-30401708,1
-1313243546,-96538214,2
-1313243546,-1222441227,4
-16823015,-1204607085,119
-16823015,1985010934,28
-1313243546,-1085029311,30
-16823015,-702889725,32
-1286339243,-12310945,2
-1804709732,-1714935700,1
-16823015,-116728481,1
-1040113255,1696308279,7
189810785,1696308279,1
-1769373107,-333735593,1
-1286339243,1606094742,1
-1804709732,517191531,2
-1313243546,769900895,2
189810785,-411852778,6
-1286339243,-1809421292,2
-1769373107,1608352797,13
-1313243546,-1204607085,25
-1804709732,752569742,2
-1804709732,-212010016,2
-1313243546,1526934951,19
-1804709732,537559630,2
-16823015,286916950,1
-1313243546,0,1
-16823015,1918989720,1
-1286339243,-1166541392,6
-16823015,837110838,57
-1804709732,782889361,14
-16823015,-1676068337,19
-1769373107,-1204607085,79
-16823015,-2118862572,2
-1286339243,-60701182,1
-1769373107,583861532,1
-1286339243,-1085029311,4
-1286339243,1608352797,2
-1313243546,254051404,2
543134554,-1002905536,3
189810785,1283001465,6
-1354751962,1975841056,1
-1313243546,-593316541,1
-1804709732,924830885,1
-1769373107,-1676068337,8
-1804709732,-1929973750,1
-16823015,-30401708,2
-1804709732,1191945905,1
-1313243546,1569615013,1
1204734256,366996416,1
1204734256,-2052785175,2
-1313243546,661100738,1
1204734256,-1622556486,27
-1354751962,-988962501,2
-1804709732,-353950849,31
-1804709732,-1654532484,1
-1354751962,782889361,7
-1313243546,-702889725,72
-1313243546,1608352797,71
-1313243546,-338309926,1
-1040113255,1336620259,39
-1354751962,598282032,2
-16823015,-784303498,1
-16823015,-353950849,22
-1769373107,-12310945,15
-1313243546,-1885031936,2
-1040113255,59348518,3
-1286339243,1672584528,2
-1354751962,-859984711,2
-16823015,-1551461779,2
-1313243546,534699487,4
-16823015,-132512857,1
-1040113255,-353950849,1
1204734256,1560790471,1
-1313243546,-996832116,7
-1313243546,242033587,3
1102909492,-1167217398,1
-1769373107,-1885031936,1
-1804709732,1656625662,3
-1313243546,847444939,1
-16823015,929019790,1
-1354751962,1608352797,2
-1286339243,-1200079395,1
-1286339243,598282032,7
-1286339243,-1830313082,4
-1313243546,597092137,1
-1286339243,1989962552,15
-1804709732,-1498497739,1
-1769373107,782889361,2
-1040113255,856169310,2
-1313243546,-158427471,3
-1769373107,1985010934,3
-1286339243,426751880,7
-16823015,1336620259,17
-1313243546,1813386013,1
1102909492,1672584528,4
-16823015,-81402370,2
-1804709732,1662089555,1
189810785,-353950849,3
1102909492,-674067200,1
-1313243546,-818689472,1
-16823015,87535377,1
-1313243546,1933576881,1
-1286339243,669643515,8
-1313243546,-1638922455,1
543134554,99617003,1
-16823015,-382099992,1
-1804709732,-782616228,1
-1313243546,247425861,1
-1286339243,-702889725,25
-16823015,387143191,2
-1313243546,-411852778,32
-1313243546,782889361,5
-1313243546,1837864519,1
-16823015,1199598787,6
1102909492,-702889725,15
-1040113255,2014853531,1
-16823015,632591273,6
-1804709732,249861457,1
-16823015,-2056121439,6
-1804709732,1008003906,2
-16823015,881429643,1
-1313243546,-1860764461,1
-16823015,-59886022,2
1204734256,-212010016,10
-1313243546,-1517648017,1
-1313243546,1341006250,2
-1040113255,1985010934,2
-16823015,863324148,3
-1804709732,1547839112,5
-1286339243,837110838,1
189810785,-937888169,1
189810785,-12310945,44
-16823015,2101603245,1
189810785,-512088920,1
-1769373107,-702889725,12
1102909492,878883768,2
1102909492,-1206365688,1
-1313243546,-2111040751,1
-1804709732,-702889725,34
-1354751962,-353950849,2
-1313243546,-341872739,5
-1804709732,-1499112219,5
